x <- 15
y <- 10

x + y
